acc-p0: 0.928 +- 0.0040000000000000036
acc-p1: 0.9213333333333333 +- 0.011372481406154664
acc-p2: 0.9273333333333333 +- 0.006429100507328643
acc-p3: 0.9286666666666668 +- 0.0050332229568471705
acc-all-p: 0.9263333333333333 +- 0.0069194499693825354
